[[3.3306690738754696e-16, -0.9999999999999996, -5.5511151231257765e-17, -0.8571428571428559, -2.8090391205053716e-16, 0.5150787536377143, -0.5150787536377145, 7.930164461608227e-17, -0.8571428571428557, -0.009997679520265423, 0.09000000000000093, -0.01663714437506039, -0.006220274176705627, -0.5150787536377144, -0.0, -0.8571428571428563, 0.0, 0.0, 1.0, 0.0, 0.002708211096168117, 0.018027756377320008, 0.09, 0.03, 0.6480002238704315, 3.3306690738754696e-16, -0.9999999999999996, -5.5511151231257765e-17, -0.8571428571428559, -2.8090391205053716e-16, 0.5150787536377143, -0.5150787536377145, 7.930164461608227e-17, -0.8571428571428557, -0.010044036608092832, 0.09000000000000093, -0.01671428723220322, 4.71238898038469], [4.440892098500626e-16, -1.0, -4.024558464266192e-16, 5.551115123125785e-16, -4.024558464266189e-16, 1.0, -1.0000000000000002, -6.66133814775094e-16, 5.55111512312578e-16, -0.019410001770910568, 0.08999999999999982, -1.3978076508769366e-16, -0.006220274176705608, -1.0, -0.0, 5.709718412357946e-16, 0.0, 0.0, 1.0, 0.0, 0.002898114225888336, 0.03500000000000001, 0.09, 0.0, 0.6480002238704315, 4.440892098500626e-16, -1.0, -4.024558464266192e-16, 5.551115123125785e-16, -4.024558464266189e-16, 1.0, -1.0000000000000002, -6.66133814775094e-16, 5.55111512312578e-16, -0.019500001770910602, 0.08999999999999982, -1.3978076508769366e-16, 4.71238898038469], [-3.885780586188048e-16, -0.9999999999999998, -1.0547118733938987e-15, 0.9035079029052511, 9.516197353929916e-17, -0.42857142857142877, 0.42857142857142894, -1.088797475047365e-15, 0.903507902905251, 0.008318572187530182, 0.08999999999999915, 0.0175370899954195, -0.006220274176705603, 0.4285714285714287, -3.96508223080413e-16, 0.9035079029052513, 0.0, 0.0, 1.0, 0.0, 0.0029028132018383, -0.015000000000000006, 0.09, -0.03162277660168378, 0.6480002238704315, -3.885780586188048e-16, -0.9999999999999998, -1.0547118733938987e-15, 0.9035079029052511, 9.516197353929916e-17, -0.42857142857142877, 0.42857142857142894, -1.088797475047365e-15, 0.903507902905251, 0.008357143616101625, 0.08999999999999915, 0.017618405706680964, 4.71238898038469], [-3.7470027081099033e-16, -0.9999999999999998, 1.1102230246251558e-16, 0.14285714285714393, -1.549331066528687e-16, -0.9897433186107867, 0.9897433186107869, -3.6478756523398014e-16, 0.1428571428571439, 0.019210919566982954, 0.08999999999999904, 0.002772857395844734, -0.006220274176705597, 0.9897433186107868, -0.0, 0.14285714285714407, 0.0, 0.0, 1.0, 0.0, 0.002655108929710603, -0.03464101615137755, 0.09, -0.005000000000000025, 0.6480002238704315, -3.7470027081099033e-16, -0.9999999999999998, 1.1102230246251558e-16, 0.14285714285714393, -1.549331066528687e-16, -0.9897433186107867, 0.9897433186107869, -3.6478756523398014e-16, 0.1428571428571439, 0.019299996465657943, 0.08999999999999904, 0.0027857145387018816, 4.71238898038469], [-3.885780586188048e-16, -1.0, -7.216449660063517e-16, 0.9897433186107871, -7.930164461608267e-17, -0.1428571428571426, 0.14285714285714282, -8.859009789332153e-16, 0.989743318610787, 0.0027728573958403224, 0.08999999999999926, 0.0192109195669787, -0.006220274176705584, 0.14285714285714293, -3.9650822308041287e-16, 0.989743318610787, 0.0, 0.0, 1.0, 0.0, 0.002859794299736554, -0.0050000000000000044, 0.09, -0.03464101615137754, 0.6480002238704315, -3.885780586188048e-16, -1.0, -7.216449660063517e-16, 0.9897433186107871, -7.930164461608267e-17, -0.1428571428571426, 0.14285714285714282, -8.859009789332153e-16, 0.989743318610787, 0.00278571453869747, 0.08999999999999926, 0.01929999646565369, 4.71238898038469], [1.6653345369377348e-15, -0.9999999999999998, 1.1102230246251567e-15, -0.9035079029052513, -2.0142617732484982e-15, -0.4285714285714286, 0.4285714285714288, -2.4347015450282255e-16, -0.9035079029052511, 0.008318572187530404, 0.08999999999999948, -0.017537089995424717, -0.006220274176705575, 0.4285714285714287, 3.96508223080413e-16, -0.9035079029052513, 0.0, 0.0, 1.0, 0.0, 0.002849282645765089, -0.015000000000000006, 0.09, 0.03162277660168382, 0.6480002238704315, 1.6653345369377348e-15, -0.9999999999999998, 1.1102230246251567e-15, -0.9035079029052513, -2.0142617732484982e-15, -0.4285714285714286, 0.4285714285714288, -2.4347015450282255e-16, -0.9035079029052511, 0.008357143616101848, 0.08999999999999948, -0.017618405706686182, 4.71238898038469], [2.220446049250313e-16, -0.9999999999999998, -3.885780586188046e-16, 0.42857142857143016, -2.0061905534723982e-16, 0.9035079029052504, -0.9035079029052505, -5.184345016776403e-16, 0.42857142857143005, -0.01753708999541914, 0.08999999999999948, 0.008318572187530706, -0.006220274176705564, -0.9035079029052507, -0.0, 0.4285714285714298, 0.0, 0.0, 1.0, 0.0, 0.002922383176346237, 0.031622776601683784, 0.09, -0.015000000000000027, 0.6480002238704315, 2.220446049250313e-16, -0.9999999999999998, -3.885780586188046e-16, 0.42857142857143016, -2.0061905534723982e-16, 0.9035079029052504, -0.9035079029052505, -5.184345016776403e-16, 0.42857142857143005, -0.017618405706680607, 0.08999999999999948, 0.00835714361610215, 4.71238898038469], [5.551115123125783e-16, -0.9999999999999998, 3.3306690738754686e-16, -0.8206518066482895, -2.934160850795056e-16, 0.5714285714285717, -0.5714285714285717, -6.226903866650058e-16, -0.8206518066482893, -0.011091429583378165, 0.08999999999999915, -0.01592885302034344, -0.006220274176705564, -0.5714285714285713, -0.0, -0.8206518066482898, 0.0, 0.0, 1.0, 0.0, 0.002673437950164656, 0.02, 0.09, 0.028722813232690173, 0.6480002238704315, 5.551115123125783e-16, -0.9999999999999998, 3.3306690738754686e-16, -0.8206518066482895, -2.934160850795056e-16, 0.5714285714285717, -0.5714285714285717, -6.226903866650058e-16, -0.8206518066482893, -0.011142858154806756, 0.08999999999999915, -0.016002711682941786, 4.71238898038469], [6.661338147750939e-16, -0.9999999999999997, -5.967448757360214e-16, 0.1428571428571443, -4.973229203144105e-16, 0.9897433186107865, -0.9897433186107868, -6.54486385722107e-16, 0.14285714285714426, -0.019210919566977402, 0.08999999999999982, 0.0027728573958394603, -0.006220274176705563, -0.9897433186107868, -0.0, 0.14285714285714407, 0.0, 0.0, 1.0, 0.0, 0.002850729116124343, 0.03464101615137755, 0.09, -0.005000000000000025, 0.6480002238704315, 6.661338147750939e-16, -0.9999999999999997, -5.967448757360214e-16, 0.1428571428571443, -4.973229203144105e-16, 0.9897433186107865, -0.9897433186107868, -6.54486385722107e-16, 0.14285714285714426, -0.01929999646565239, 0.08999999999999982, 0.002785714538696608, 4.71238898038469], [-4.440892098500628e-16, -1.0, 4.163336342344337e-16, 2.7755575615628904e-16, -4.1633363423443385e-16, -0.9999999999999998, 1.0000000000000002, -4.4408920985006257e-16, 2.7755575615628914e-16, 0.019410001770911012, 0.08999999999999993, -5.283588237064984e-16, -0.006220274176705561, 1.0, -0.0, 5.709718412357946e-16, 0.0, 0.0, 1.0, 0.0, 0.002682155837060107, -0.03500000000000001, 0.09, 0.0, 0.6480002238704315, -4.440892098500628e-16, -1.0, 4.163336342344337e-16, 2.7755575615628904e-16, -4.1633363423443385e-16, -0.9999999999999998, 1.0000000000000002, -4.4408920985006257e-16, 2.7755575615628914e-16, 0.019500001770911046, 0.08999999999999993, -5.283588237064984e-16, 4.71238898038469], [-3.3306690738754696e-16, -0.9999999999999998, -9.992007221626409e-16, 1.0, -1.6653345369377353e-16, 1.1102230246251559e-16, 0.0, -1.1102230246251561e-15, 0.9999999999999998, -2.220446049250313e-16, 0.08999999999999915, 0.019410001770910144, -0.00622027417670556, -0.0, -3.965082230804129e-16, 1.0, 0.0, 0.0, 1.0, 0.0, 0.002997568528785508, 0.0, 0.09, -0.03499999999999999, 0.6480002238704315, -3.3306690738754696e-16, -0.9999999999999998, -9.992007221626409e-16, 1.0, -1.6653345369377353e-16, 1.1102230246251559e-16, 0.0, -1.1102230246251561e-15, 0.9999999999999998, -2.220446049250313e-16, 0.08999999999999915, 0.019500001770910123, 4.71238898038469], [-1.1102230246251565e-16, -0.9999999999999998, -2.220446049250312e-16, 0.5150787536377133, -1.9032394707859815e-16, 0.8571428571428568, -0.857142857142857, -1.6988160958802133e-16, 0.5150787536377132, -0.016637144375059254, 0.09000000000000048, 0.009997679520265947, -0.006220274176705556, -0.8571428571428569, -0.0, 0.5150787536377129, 0.0, 0.0, 1.0, 0.0, 0.002973781980486256, 0.03, 0.09, -0.018027756377319938, 0.6480002238704315, -1.1102230246251565e-16, -0.9999999999999998, -2.220446049250312e-16, 0.5150787536377133, -1.9032394707859815e-16, 0.8571428571428568, -0.857142857142857, -1.6988160958802133e-16, 0.5150787536377132, -0.01671428723220214, 0.09000000000000048, 0.010044036608093356, 4.71238898038469], [5.717648576819556e-15, -0.9999999999999998, 8.88178419700125e-16, -0.9897433186107871, -5.852461372666895e-15, -0.1428571428571426, 0.14285714285714274, -1.1329974322942537e-16, -0.9897433186107869, 0.0027728573958449854, 0.09000000000000015, -0.019210919566977205, -0.006220274176705554, 0.14285714285714293, 3.9650822308041287e-16, -0.989743318610787, 0.0, 0.0, 1.0, 0.0, 0.002664753683632948, -0.0050000000000000044, 0.09, 0.03464101615137758, 0.6480002238704315, 5.717648576819556e-15, -0.9999999999999998, 8.88178419700125e-16, -0.9897433186107871, -5.852461372666895e-15, -0.1428571428571426, 0.14285714285714274, -1.1329974322942537e-16, -0.9897433186107869, 0.002785714538702133, 0.09000000000000015, -0.019299996465652194, 4.71238898038469], [5.551115123125783e-16, -0.9999999999999998, 1.387778780781445e-16, -0.28571428571428475, -4.625518801313571e-17, 0.95831484749991, -0.9583148474999101, -6.339175216498105e-16, -0.2857142857142847, -0.01860089288706368, 0.09000000000000026, -0.0055457147916903315, -0.0062202741767055526, -0.95831484749991, -0.0, -0.28571428571428503, 0.0, 0.0, 1.0, 0.0, 0.002897258690277953, 0.03354101966249686, 0.09, 0.01, 0.6480002238704315, 5.551115123125783e-16, -0.9999999999999998, 1.387778780781445e-16, -0.28571428571428475, -4.625518801313571e-17, 0.95831484749991, -0.9583148474999101, -6.339175216498105e-16, -0.2857142857142847, -0.0186871412233387, 0.09000000000000026, -0.005571429077404627, 4.71238898038469], [-2.220446049250313e-16, -1.0, -6.10622663543836e-16, 0.9583148474999099, -2.299747693866396e-16, 0.285714285714286, -0.28571428571428586, -6.568778515569715e-16, 0.9583148474999097, -0.005545714791691192, 0.08999999999999982, 0.018600892887063427, -0.00622027417670555, -0.28571428571428564, -3.965082230804129e-16, 0.9583148474999098, 0.0, 0.0, 1.0, 0.0, 0.002969937235293547, 0.01, 0.09, -0.033541019662496833, 0.6480002238704315, -2.220446049250313e-16, -1.0, -6.10622663543836e-16, 0.9583148474999099, -2.299747693866396e-16, 0.285714285714286, -0.28571428571428586, -6.568778515569715e-16, 0.9583148474999097, -0.0055714290774054875, 0.08999999999999982, 0.018687141223338446, 4.71238898038469], [-3.0531133177191805e-16, -0.9999999999999998, -1.3877787807814452e-16, 0.4285714285714295, -2.1425549577791352e-17, -0.9035079029052505, 0.9035079029052506, -3.1720657846433055e-16, 0.42857142857142944, 0.017537089995421917, 0.09000000000000015, 0.008318572187529596, -0.006220274176705548, 0.9035079029052507, -0.0, 0.4285714285714298, 0.0, 0.0, 1.0, 0.0, 0.002839531863781927, -0.031622776601683784, 0.09, -0.015000000000000027, 0.6480002238704315, -3.0531133177191805e-16, -0.9999999999999998, -1.3877787807814452e-16, 0.4285714285714295, -2.1425549577791352e-17, -0.9035079029052505, 0.9035079029052506, -3.1720657846433055e-16, 0.42857142857142944, 0.017618405706683382, 0.09000000000000015, 0.00835714361610104, 4.71238898038469], [2.220446049250313e-16, -1.0, 6.661338147750937e-16, -0.6998542122237651, -7.295751304679599e-16, -0.7142857142857143, 0.7142857142857145, -2.8869035779171765e-16, -0.699854212223765, 0.013864286979220597, 0.09000000000000048, -0.013584171498642687, -0.0062202741767055465, 0.7142857142857143, -0.0, -0.699854212223765, 0.0, 0.0, 1.0, 0.0, 0.002711863877033094, -0.02500000000000001, 0.09, 0.024494897427831803, 0.6480002238704315, 2.220446049250313e-16, -1.0, 6.661338147750937e-16, -0.6998542122237651, -7.295751304679599e-16, -0.7142857142857143, 0.7142857142857145, -2.8869035779171765e-16, -0.699854212223765, 0.013928572693506336, 0.09000000000000048, -0.0136471583777428, 4.71238898038469], [-3.0531133177191805e-16, -0.9999999999999998, 6.661338147750936e-16, -0.8571428571428562, -1.0767414656826746e-16, -0.5150787536377142, 0.5150787536377143, -6.978544726215271e-16, -0.857142857142856, 0.009997679520264757, 0.08999999999999937, -0.016637144375065773, -0.0062202741767055465, 0.5150787536377144, -0.0, -0.8571428571428563, 0.0, 0.0, 1.0, 0.0, 0.002829150770187774, -0.018027756377320008, 0.09, 0.03, 0.6480002238704315, -3.0531133177191805e-16, -0.9999999999999998, 6.661338147750936e-16, -0.8571428571428562, -1.0767414656826746e-16, -0.5150787536377142, 0.5150787536377143, -6.978544726215271e-16, -0.857142857142856, 0.010044036608092166, 0.08999999999999937, -0.016714287232208604, 4.71238898038469], [0.0, -0.9999999999999998, 2.7755575615628914e-16, -0.5714285714285705, 2.063567524305719e-16, 0.8206518066482905, -0.8206518066482905, -4.421066687346607e-16, -0.5714285714285704, -0.015928853020343747, 0.09000000000000015, -0.011091429583380134, -0.006220274176705541, -0.8206518066482903, -0.0, -0.5714285714285707, 0.0, 0.0, 1.0, 0.0, 0.002815731059195761, 0.028722813232690166, 0.09, 0.02, 0.6480002238704315, 0.0, -0.9999999999999998, 2.7755575615628914e-16, -0.5714285714285705, 2.063567524305719e-16, 0.8206518066482905, -0.8206518066482905, -4.421066687346607e-16, -0.5714285714285704, -0.016002711682942095, 0.09000000000000015, -0.011142858154808725, 4.71238898038469], [2.220446049250313e-16, -0.9999999999999998, -3.885780586188046e-16, 0.7142857142857156, -9.988770082708676e-17, 0.6998542122237636, -0.6998542122237638, -4.3615904538845453e-16, 0.7142857142857155, -0.01358417149864466, 0.0899999999999996, 0.01386428697922101, -0.00622027417670554, -0.6998542122237638, -0.0, 0.7142857142857155, 0.0, 0.0, 1.0, 0.0, 0.002958460050399479, 0.024494897427831737, 0.09, -0.02500000000000003, 0.6480002238704315, 2.220446049250313e-16, -0.9999999999999998, -3.885780586188046e-16, 0.7142857142857156, -9.988770082708676e-17, 0.6998542122237636, -0.6998542122237638, -4.3615904538845453e-16, 0.7142857142857155, -0.013647158377744772, 0.0899999999999996, 0.013928572693506749, 4.71238898038469], [-4.163336342344337e-16, -0.9999999999999998, 4.930380657631324e-32, 0.6998542122237649, -3.4099707184915515e-16, -0.7142857142857144, 0.7142857142857146, -2.6642115452086047e-16, 0.6998542122237649, 0.01386428697922093, 0.08999999999999982, 0.013584171498645516, -0.0062202741767055265, 0.7142857142857143, -0.0, 0.699854212223765, 0.0, 0.0, 1.0, 0.0, 0.002785906829567114, -0.02500000000000001, 0.09, -0.02449489742783176, 0.6480002238704315, -4.163336342344337e-16, -0.9999999999999998, 4.930380657631324e-32, 0.6998542122237649, -3.4099707184915515e-16, -0.7142857142857144, 0.7142857142857146, -2.6642115452086047e-16, 0.6998542122237649, 0.013928572693506669, 0.08999999999999982, 0.01364715837774563, 4.71238898038469], [-1.1102230246251565e-16, -0.9999999999999998, -4.440892098500624e-16, 0.82065180664829, -3.4892723631076323e-16, 0.5714285714285708, -0.5714285714285711, -2.3773245741949045e-16, 0.8206518066482897, -0.011091429583380386, 0.08999999999999982, 0.015928853020343383, -0.0062202741767055205, -0.5714285714285713, -0.0, 0.8206518066482898, 0.0, 0.0, 1.0, 0.0, 0.002878346760938788, 0.02, 0.09, -0.02872281323269013, 0.6480002238704315, -1.1102230246251565e-16, -0.9999999999999998, -4.440892098500624e-16, 0.82065180664829, -3.4892723631076323e-16, 0.5714285714285708, -0.5714285714285711, -2.3773245741949045e-16, 0.8206518066482897, -0.011142858154808977, 0.08999999999999982, 0.01600271168294173, 4.71238898038469], [3.3306690738754696e-16, -0.9999999999999998, -1.6653345369377338e-16, -0.515078753637713, -4.123685520036295e-16, 0.8571428571428571, -0.8571428571428571, -5.240077808027014e-16, -0.5150787536377129, -0.01663714437506103, 0.09000000000000082, -0.009997679520270778, -0.00622027417670552, -0.8571428571428569, -0.0, -0.5150787536377129, 0.0, 0.0, 1.0, 0.0, 0.002851123589816623, 0.03, 0.09, 0.01802775637731998, 0.6480002238704315, 3.3306690738754696e-16, -0.9999999999999998, -1.6653345369377338e-16, -0.515078753637713, -4.123685520036295e-16, 0.8571428571428571, -0.8571428571428571, -5.240077808027014e-16, -0.5150787536377129, -0.016714287232203917, 0.09000000000000082, -0.010044036608098187, 4.71238898038469], [-2.220446049250313e-16, -0.9999999999999998, -3.3306690738754686e-16, -1.0, 1.1102230246251558e-16, 2.2204460492503128e-16, -1.1102230246251565e-16, 2.220446049250312e-16, -0.9999999999999998, -2.220446049250313e-16, 0.09000000000000004, -0.01941000177091048, -0.0062202741767055075, -0.0, 3.965082230804129e-16, -1.0, 0.0, 0.0, 1.0, 0.0, 0.00268629507934437, 0.0, 0.09, 0.03500000000000003, 0.6480002238704315, -2.220446049250313e-16, -0.9999999999999998, -3.3306690738754686e-16, -1.0, 1.1102230246251558e-16, 2.2204460492503128e-16, -1.1102230246251565e-16, 2.220446049250312e-16, -0.9999999999999998, -2.220446049250313e-16, 0.09000000000000004, -0.01950000177091046, 1.5707963267948966], [-3.3306690738754696e-16, -1.0, 6.10622663543836e-16, -0.28571428571428487, -5.088563242994425e-16, -0.9583148474999099, 0.9583148474999104, -4.916701966197123e-16, -0.2857142857142848, 0.018600892887064235, 0.09000000000000037, -0.005545714791687445, -0.006220274176705504, 0.95831484749991, -0.0, -0.28571428571428503, 0.0, 0.0, 1.0, 0.0, 0.002835393327497632, -0.03354101966249686, 0.09, 0.01, 0.6480002238704315, -3.3306690738754696e-16, -1.0, 6.10622663543836e-16, -0.28571428571428487, -5.088563242994425e-16, -0.9583148474999099, 0.9583148474999104, -4.916701966197123e-16, -0.2857142857142848, 0.018687141223339254, 0.09000000000000037, -0.0055714290774017405, 4.71238898038469], [-2.55351295663786e-15, -0.9999999999999998, 4.996003610813201e-16, -0.9583148474999099, 2.545582792176251e-15, 0.285714285714286, -0.2857142857142859, 1.5727749047565122e-16, -0.9583148474999097, -0.0055457147916885274, 0.09000000000000037, -0.01860089288706426, -0.006220274176705501, -0.28571428571428564, 3.965082230804129e-16, -0.9583148474999098, 0.0, 0.0, 1.0, 0.0, 0.002892532464649419, 0.01, 0.09, 0.033541019662496875, 0.6480002238704315, -2.55351295663786e-15, -0.9999999999999998, 4.996003610813201e-16, -0.9583148474999099, 2.545582792176251e-15, 0.285714285714286, -0.2857142857142859, 1.5727749047565122e-16, -0.9583148474999097, -0.005571429077402823, 0.09000000000000037, -0.01868714122333928, 4.71238898038469], [4.163336342344337e-17, -0.9999999999999998, 2.220446049250312e-16, -0.5714285714285708, -2.6186790366182974e-16, -0.82065180664829, 0.8206518066482902, -9.516197353929927e-17, -0.5714285714285707, 0.01592885302034419, 0.08999999999999993, -0.011091429583377192, -0.006220274176705493, 0.8206518066482903, -0.0, -0.5714285714285707, 0.0, 0.0, 1.0, 0.0, 0.002756697105594542, -0.028722813232690166, 0.09, 0.02, 0.6480002238704315, 4.163336342344337e-17, -0.9999999999999998, 2.220446049250312e-16, -0.5714285714285708, -2.6186790366182974e-16, -0.82065180664829, 0.8206518066482902, -9.516197353929927e-17, -0.5714285714285707, 0.01600271168294254, 0.08999999999999993, -0.011142858154805783, 4.71238898038469], [-3.3306690738754696e-16, -0.9999999999999998, -1.110223024625156e-16, 0.7142857142857156, -1.776680553292022e-16, -0.6998542122237638, 0.6998542122237638, -2.696255916946811e-16, 0.7142857142857155, 0.013584171498643216, 0.09000000000000015, 0.013864286979219678, -0.006220274176705492, 0.6998542122237638, -0.0, 0.7142857142857155, 0.0, 0.0, 1.0, 0.0, 0.002872434392572676, -0.024494897427831737, 0.09, -0.02500000000000003, 0.6480002238704315, -3.3306690738754696e-16, -0.9999999999999998, -1.110223024625156e-16, 0.7142857142857156, -1.776680553292022e-16, -0.6998542122237638, 0.6998542122237638, -2.696255916946811e-16, 0.7142857142857155, 0.01364715837774333, 0.09000000000000015, 0.013928572693505416, 4.71238898038469], [0.0, 0.9999999999999998, 3.885780586188047e-16, 0.5714285714285706, -3.4875475988200626e-16, 0.8206518066482902, 0.8206518066482905, 1.407604191935464e-16, -0.5714285714285705, 0.01592885302034419, 0.08999999999999993, -0.011091429583379912, -0.006002456059385071, 0.8206518066482903, -0.0, -0.5714285714285707, 0.0, 0.0, 1.0, 0.0, 0.002830151707644831, -0.028722813232690166, 0.09, 0.02, 0.6480002238704315, 0.0, 0.9999999999999998, 3.885780586188047e-16, 0.5714285714285706, -3.4875475988200626e-16, 0.8206518066482902, 0.8206518066482905, 1.407604191935464e-16, -0.5714285714285705, 0.01600271168294254, 0.08999999999999993, -0.011142858154808503, 1.5707963267948966], [-1.1102230246251565e-16, 0.9999999999999998, 5.5511151231257815e-17, 0.6998542122237649, 7.930164461608119e-18, 0.7142857142857147, 0.7142857142857147, 1.6620973980200283e-17, -0.6998542122237648, 0.013864286979221041, 0.0899999999999996, -0.013584171498644907, -0.006002456059385062, 0.7142857142857143, -0.0, -0.699854212223765, 0.0, 0.0, 1.0, 0.0, 0.002950349684177372, -0.02500000000000001, 0.09, 0.024494897427831803, 0.6480002238704315, -1.1102230246251565e-16, 0.9999999999999998, 5.5511151231257815e-17, 0.6998542122237649, 7.930164461608119e-18, 0.7142857142857147, 0.7142857142857147, 1.6620973980200283e-17, -0.6998542122237648, 0.01392857269350678, 0.0899999999999996, -0.01364715837774502, 1.5707963267948966], [3.885780586188048e-16, 0.9999999999999998, 1.665334536937734e-16, 0.8571428571428561, -3.8522990272455647e-16, -0.5150787536377143, -0.5150787536377145, 3.013462495411136e-16, -0.8571428571428559, -0.00999767952027153, 0.08999999999999993, -0.016637144375065884, -0.006002456059385061, -0.5150787536377144, -0.0, -0.8571428571428563, 0.0, 0.0, 1.0, 0.0, 0.002777263464136481, 0.018027756377320008, 0.09, 0.03, 0.6480002238704315, 3.885780586188048e-16, 0.9999999999999998, 1.665334536937734e-16, 0.8571428571428561, -3.8522990272455647e-16, -0.5150787536377143, -0.5150787536377145, 3.013462495411136e-16, -0.8571428571428559, -0.010044036608098939, 0.08999999999999993, -0.016714287232208715, 1.5707963267948966], [-6.661338147750939e-16, 0.9999999999999998, 7.771561172376095e-16, 1.0, 5.551115123125782e-16, 4.440892098500626e-16, 3.3306690738754706e-16, 6.661338147750937e-16, -0.9999999999999998, 2.220446049250313e-16, 0.08999999999999993, -0.01941000177091098, -0.006002456059385047, -0.0, 3.965082230804129e-16, -1.0, 0.0, 0.0, 1.0, 0.0, 0.002909937618637837, 0.0, 0.09, 0.03500000000000003, 0.6480002238704315, -6.661338147750939e-16, 0.9999999999999998, 7.771561172376095e-16, 1.0, 5.551115123125782e-16, 4.440892098500626e-16, 3.3306690738754706e-16, 6.661338147750937e-16, -0.9999999999999998, 2.220446049250313e-16, 0.08999999999999993, -0.01950000177091096, 4.71238898038469], [-1.887379141862766e-15, 0.9999999999999998, -3.3306690738754696e-16, 0.9035079029052511, 1.7922171683234665e-15, 0.4285714285714288, 0.4285714285714289, 4.226636602722712e-16, -0.9035079029052508, 0.008318572187530071, 0.08999999999999993, -0.01753708999541972, -0.006002456059385044, 0.4285714285714287, 3.96508223080413e-16, -0.9035079029052513, 0.0, 0.0, 1.0, 0.0, 0.002693775575863061, -0.015000000000000006, 0.09, 0.03162277660168382, 0.6480002238704315, -1.887379141862766e-15, 0.9999999999999998, -3.3306690738754696e-16, 0.9035079029052511, 1.7922171683234665e-15, 0.4285714285714288, 0.4285714285714289, 4.226636602722712e-16, -0.9035079029052508, 0.008357143616101514, 0.08999999999999993, -0.017618405706681186, 1.5707963267948966], [3.164135620181696e-15, 0.9999999999999998, 2.220446049250312e-16, 0.9583148474999099, -3.1006943044888303e-15, -0.2857142857142856, -0.28571428571428575, 1.1009670614070342e-15, -0.9583148474999097, -0.005545714791690304, 0.09000000000000037, -0.018600892887064038, -0.006002456059385031, -0.28571428571428564, 3.965082230804129e-16, -0.9583148474999098, 0.0, 0.0, 1.0, 0.0, 0.002669810017228935, 0.01, 0.09, 0.033541019662496875, 0.6480002238704315, 3.164135620181696e-15, 0.9999999999999998, 2.220446049250312e-16, 0.9583148474999099, -3.1006943044888303e-15, -0.2857142857142856, -0.28571428571428575, 1.1009670614070342e-15, -0.9583148474999097, -0.005571429077404599, 0.09000000000000037, -0.018687141223339056, 1.5707963267948966], [6.661338147750936e-16, 0.9999999999999998, -4.440892098500628e-16, -3.3306690738754726e-16, -4.4408920985006247e-16, -0.9999999999999998, -1.0, 6.661338147750937e-16, 3.3306690738754686e-16, -0.019410001770911012, 0.09000000000000048, -3.0631421878146714e-16, -0.006002456059385027, -1.0, -0.0, 5.709718412357946e-16, 0.0, 0.0, 1.0, 0.0, 0.002405018650633431, 0.03500000000000001, 0.09, 0.0, 0.6480002238704315, 6.661338147750936e-16, 0.9999999999999998, -4.440892098500628e-16, -3.3306690738754726e-16, -4.4408920985006247e-16, -0.9999999999999998, -1.0, 6.661338147750937e-16, 3.3306690738754686e-16, -0.019500001770911046, 0.09000000000000048, -3.0631421878146714e-16, 1.5707963267948966], [4.2327252813834093e-16, 0.9999999999999998, -3.3306690738754686e-16, 0.2857142857142848, -4.533451730681845e-16, -0.9583148474999099, -0.9583148474999101, 2.854859206178971e-16, -0.28571428571428475, -0.01860089288706357, 0.09000000000000015, -0.005545714791688, -0.006002456059385025, -0.95831484749991, -0.0, -0.28571428571428503, 0.0, 0.0, 1.0, 0.0, 0.002741566983374577, 0.03354101966249686, 0.09, 0.01, 0.6480002238704315, 4.2327252813834093e-16, 0.9999999999999998, -3.3306690738754686e-16, 0.2857142857142848, -4.533451730681845e-16, -0.9583148474999099, -0.9583148474999101, 2.854859206178971e-16, -0.28571428571428475, -0.018687141223338588, 0.09000000000000015, -0.005571429077402296, 1.5707963267948966], [3.469446951953614e-16, 0.9999999999999996, -6.661338147750937e-16, -0.5150787536377126, -4.2029871646523767e-16, -0.857142857142857, -0.857142857142857, 6.627856588808461e-16, 0.5150787536377126, -0.016637144375060475, 0.08999999999999993, 0.009997679520270444, -0.006002456059385021, -0.8571428571428569, -0.0, 0.5150787536377129, 0.0, 0.0, 1.0, 0.0, 0.002719792533668795, 0.03, 0.09, -0.018027756377319938, 0.6480002238704315, 3.469446951953614e-16, 0.9999999999999996, -6.661338147750937e-16, -0.5150787536377126, -4.2029871646523767e-16, -0.857142857142857, -0.857142857142857, 6.627856588808461e-16, 0.5150787536377126, -0.016714287232203362, 0.08999999999999993, 0.010044036608097853, 1.5707963267948966], [-5.551115123125783e-16, 0.9999999999999998, -3.3306690738754696e-16, -0.7142857142857155, -2.664211545208602e-16, 0.6998542122237636, 0.6998542122237639, 7.295751304679596e-16, 0.7142857142857154, 0.013584171498640218, 0.09000000000000015, 0.013864286979220677, -0.006002456059385016, 0.6998542122237638, -0.0, 0.7142857142857155, 0.0, 0.0, 1.0, 0.0, 0.00261279156007635, -0.024494897427831737, 0.09, -0.02500000000000003, 0.6480002238704315, -5.551115123125783e-16, 0.9999999999999998, -3.3306690738754696e-16, -0.7142857142857155, -2.664211545208602e-16, 0.6998542122237636, 0.6998542122237639, 7.295751304679596e-16, 0.7142857142857154, 0.013647158377740332, 0.09000000000000015, 0.013928572693506416, 1.5707963267948966], [-1.1102230246251565e-16, 0.9999999999999996, -4.440892098500624e-16, -1.0, -1.1102230246251558e-16, -1.1102230246251565e-16, -1.1102230246251563e-16, 4.440892098500626e-16, 0.9999999999999996, -1.1102230246251565e-16, 0.09000000000000037, 0.019410001770910255, -0.006002456059385011, -0.0, -3.965082230804129e-16, 1.0, 0.0, 0.0, 1.0, 0.0, 0.002617912230230349, 0.0, 0.09, -0.03499999999999999, 0.6480002238704315, -1.1102230246251565e-16, 0.9999999999999996, -4.440892098500624e-16, -1.0, -1.1102230246251558e-16, -1.1102230246251565e-16, -1.1102230246251563e-16, 4.440892098500626e-16, 0.9999999999999996, -1.1102230246251565e-16, 0.09000000000000037, 0.019500001770910234, 1.5707963267948966], [-6.661338147750939e-16, 0.9999999999999998, 1.110223024625156e-16, -0.903507902905251, -8.723180907769084e-16, 0.4285714285714287, 0.428571428571429, 4.100036081965961e-16, 0.9035079029052507, 0.008318572187530626, 0.09000000000000037, 0.017537089995421442, -0.0060024560593850106, 0.4285714285714287, -3.96508223080413e-16, 0.9035079029052513, 0.0, 0.0, 1.0, 0.0, 0.002564896784903348, -0.015000000000000006, 0.09, -0.03162277660168378, 0.6480002238704315, -6.661338147750939e-16, 0.9999999999999998, 1.110223024625156e-16, -0.903507902905251, -8.723180907769084e-16, 0.4285714285714287, 0.428571428571429, 4.100036081965961e-16, 0.9035079029052507, 0.00835714361610207, 0.09000000000000037, 0.017618405706682907, 1.5707963267948966], [-1.1102230246251565e-16, 0.9999999999999998, -6.10622663543836e-16, -0.82065180664829, -4.2822888092684605e-16, -0.5714285714285712, -0.5714285714285713, 4.839125085868611e-16, 0.8206518066482897, -0.011091429583377943, 0.09000000000000048, 0.015928853020343216, -0.006002456059385006, -0.5714285714285713, -0.0, 0.8206518066482898, 0.0, 0.0, 1.0, 0.0, 0.002635003560869462, 0.02, 0.09, -0.02872281323269013, 0.6480002238704315, -1.1102230246251565e-16, 0.9999999999999998, -6.10622663543836e-16, -0.82065180664829, -4.2822888092684605e-16, -0.5714285714285712, -0.5714285714285713, 4.839125085868611e-16, 0.8206518066482897, -0.011142858154806534, 0.09000000000000048, 0.016002711682941564, 1.5707963267948966], [1.1102230246251565e-16, 0.9999999999999998, -5.551115123125791e-17, 0.8206518066482897, -1.50673124770557e-16, -0.5714285714285714, -0.5714285714285716, -3.982329873679866e-17, -0.8206518066482895, -0.011091429583380386, 0.0899999999999996, -0.01592885302034344, -0.0060024560593850045, -0.5714285714285713, -0.0, -0.8206518066482898, 0.0, 0.0, 1.0, 0.0, 0.002785543451230207, 0.02, 0.09, 0.028722813232690173, 0.6480002238704315, 1.1102230246251565e-16, 0.9999999999999998, -5.551115123125791e-17, 0.8206518066482897, -1.50673124770557e-16, -0.5714285714285714, -0.5714285714285716, -3.982329873679866e-17, -0.8206518066482895, -0.011142858154808977, 0.0899999999999996, -0.016002711682941786, 1.5707963267948966], [-3.3306690738754696e-16, 1.0, -2.775557561562891e-16, -0.9583148474999099, -2.1411444046342303e-16, -0.28571428571428564, -0.28571428571428586, 9.255963218122228e-18, 0.9583148474999097, -0.0055457147916887495, 0.09000000000000015, 0.018600892887063538, -0.006002456059384998, -0.28571428571428564, -3.965082230804129e-16, 0.9583148474999098, 0.0, 0.0, 1.0, 0.0, 0.00278220953919456, 0.01, 0.09, -0.033541019662496833, 0.6480002238704315, -3.3306690738754696e-16, 1.0, -2.775557561562891e-16, -0.9583148474999099, -2.1411444046342303e-16, -0.28571428571428564, -0.28571428571428586, 9.255963218122228e-18, 0.9583148474999097, -0.005571429077403045, 0.09000000000000015, 0.018687141223338557, 1.5707963267948966], [-4.440892098500626e-16, 1.0, -4.440892098500626e-16, -7.21644966006352e-16, 4.440892098500624e-16, 1.0, 1.0000000000000002, 2.220446049250311e-16, 7.216449660063518e-16, 0.019410001770911234, 0.08999999999999904, -2.508030675502093e-16, -0.006002456059384993, 1.0, -0.0, 5.709718412357946e-16, 0.0, 0.0, 1.0, 0.0, 0.002792062081436786, -0.03500000000000001, 0.09, 0.0, 0.6480002238704315, -4.440892098500626e-16, 1.0, -4.440892098500626e-16, -7.21644966006352e-16, 4.440892098500624e-16, 1.0, 1.0000000000000002, 2.220446049250311e-16, 7.216449660063518e-16, 0.01950000177091127, 0.08999999999999904, -2.508030675502093e-16, 1.5707963267948966], [4.163336342344337e-16, 0.9999999999999998, -2.220446049250312e-16, 0.5714285714285708, -4.839125085868609e-16, -0.8206518066482901, -0.8206518066482902, 2.3790493384824763e-16, -0.5714285714285707, -0.01592885302034308, 0.08999999999999993, -0.011091429583376859, -0.006002456059384993, -0.8206518066482903, -0.0, -0.5714285714285707, 0.0, 0.0, 1.0, 0.0, 0.002773763550588199, 0.028722813232690166, 0.09, 0.02, 0.6480002238704315, 4.163336342344337e-16, 0.9999999999999998, -2.220446049250312e-16, 0.5714285714285708, -4.839125085868609e-16, -0.8206518066482901, -0.8206518066482902, 2.3790493384824763e-16, -0.5714285714285707, -0.01600271168294143, 0.08999999999999993, -0.01114285815480545, 1.5707963267948966], [-6.661338147750939e-16, 1.0, 6.661338147750937e-16, 0.2857142857142847, -4.903443978631983e-16, 0.9583148474999102, 0.9583148474999104, 5.803889115339543e-16, -0.28571428571428464, 0.018600892887061682, 0.09000000000000048, -0.005545714791690776, -0.006002456059384988, 0.95831484749991, -0.0, -0.28571428571428503, 0.0, 0.0, 1.0, 0.0, 0.002902781806358168, -0.03354101966249686, 0.09, 0.01, 0.6480002238704315, -6.661338147750939e-16, 1.0, 6.661338147750937e-16, 0.2857142857142847, -4.903443978631983e-16, 0.9583148474999102, 0.9583148474999104, 5.803889115339543e-16, -0.28571428571428464, 0.0186871412233367, 0.09000000000000048, -0.005571429077405071, 1.5707963267948966], [-8.326672684688674e-17, 0.9999999999999998, -7.771561172376095e-16, -0.7142857142857155, -5.662461139480069e-16, -0.6998542122237639, -0.6998542122237641, 5.075305255429284e-16, 0.7142857142857154, -0.013584171498640774, 0.08999999999999982, 0.0138642869792199, -0.006002456059384983, -0.6998542122237638, -0.0, 0.7142857142857155, 0.0, 0.0, 1.0, 0.0, 0.00241387987033785, 0.024494897427831737, 0.09, -0.02500000000000003, 0.6480002238704315, -8.326672684688674e-17, 0.9999999999999998, -7.771561172376095e-16, -0.7142857142857155, -5.662461139480069e-16, -0.6998542122237639, -0.6998542122237641, 5.075305255429284e-16, 0.7142857142857154, -0.013647158377740887, 0.08999999999999982, 0.013928572693505639, 1.5707963267948966], [-4.440892098500626e-16, 0.9999999999999998, 5.5511151231257815e-17, -0.9897433186107871, -4.202987164652375e-16, 0.14285714285714243, 0.14285714285714254, 1.1329974322942537e-16, 0.9897433186107869, 0.0027728573958452074, 0.09000000000000015, 0.01921091956698253, -0.006002456059384969, 0.14285714285714293, -3.9650822308041287e-16, 0.989743318610787, 0.0, 0.0, 1.0, 0.0, 0.002610251560327098, -0.0050000000000000044, 0.09, -0.03464101615137754, 0.6480002238704315, -4.440892098500626e-16, 0.9999999999999998, 5.5511151231257815e-17, -0.9897433186107871, -4.202987164652375e-16, 0.14285714285714243, 0.14285714285714254, 1.1329974322942537e-16, 0.9897433186107869, 0.002785714538702355, 0.09000000000000015, 0.01929999646565752, 1.5707963267948966], [1.3877787807814457e-17, 1.0, -5.551115123125782e-16, -0.42857142857142966, -4.1000360819659613e-16, -0.9035079029052505, -0.9035079029052508, 2.379049338482476e-16, 0.42857142857142955, -0.01753708999542014, 0.08999999999999937, 0.008318572187529873, -0.006002456059384965, -0.9035079029052507, -0.0, 0.4285714285714298, 0.0, 0.0, 1.0, 0.0, 0.002771615713267089, 0.031622776601683784, 0.09, -0.015000000000000027, 0.6480002238704315, 1.3877787807814457e-17, 1.0, -5.551115123125782e-16, -0.42857142857142966, -4.1000360819659613e-16, -0.9035079029052505, -0.9035079029052508, 2.379049338482476e-16, 0.42857142857142955, -0.017618405706681606, 0.08999999999999937, 0.008357143616101317, 1.5707963267948966], [-7.771561172376096e-16, 0.9999999999999998, 2.498001805406601e-16, -0.42857142857142994, -5.059303871191578e-16, 0.9035079029052505, 0.9035079029052506, 3.8362170583029927e-16, 0.4285714285714298, 0.017537089995423805, 0.09000000000000026, 0.008318572187530817, -0.006002456059384963, 0.9035079029052507, -0.0, 0.4285714285714298, 0.0, 0.0, 1.0, 0.0, 0.002827776679211413, -0.031622776601683784, 0.09, -0.015000000000000027, 0.6480002238704315, -7.771561172376096e-16, 0.9999999999999998, 2.498001805406601e-16, -0.42857142857142994, -5.059303871191578e-16, 0.9035079029052505, 0.9035079029052506, 3.8362170583029927e-16, 0.4285714285714298, 0.01761840570668527, 0.09000000000000026, 0.00835714361610226, 1.5707963267948966], [1.465841337200402e-16, 0.9999999999999998, -5.551115123125784e-16, -0.142857142857144, -5.157555896560448e-16, -0.9897433186107866, -0.989743318610787, 1.9032394707859798e-16, 0.14285714285714396, -0.01921091956697818, 0.09000000000000004, 0.002772857395844734, -0.006002456059384963, -0.9897433186107868, -0.0, 0.14285714285714407, 0.0, 0.0, 1.0, 0.0, 0.002608634172494462, 0.03464101615137755, 0.09, -0.005000000000000025, 0.6480002238704315, 1.465841337200402e-16, 0.9999999999999998, -5.551115123125784e-16, -0.142857142857144, -5.157555896560448e-16, -0.9897433186107866, -0.989743318610787, 1.9032394707859798e-16, 0.14285714285714396, -0.01929999646565317, 0.09000000000000004, 0.0027857145387018816, 1.5707963267948966], [-2.220446049250313e-16, 0.9999999999999997, -5.551115123125789e-17, -0.1428571428571444, 1.6155228574724295e-17, 0.9897433186107865, 0.9897433186107868, 3.785414442220814e-16, 0.14285714285714438, 0.019210919566983065, 0.09000000000000015, 0.0027728573958407925, -0.00600245605938496, 0.9897433186107868, -0.0, 0.14285714285714407, 0.0, 0.0, 1.0, 0.0, 0.002540094901637618, -0.03464101615137755, 0.09, -0.005000000000000025, 0.6480002238704315, -2.220446049250313e-16, 0.9999999999999997, -5.551115123125789e-17, -0.1428571428571444, 1.6155228574724295e-17, 0.9897433186107865, 0.9897433186107868, 3.785414442220814e-16, 0.14285714285714438, 0.019299996465658054, 0.09000000000000015, 0.0027857145386979403, 1.5707963267948966], [-7.771561172376096e-16, 0.9999999999999998, 1.110223024625156e-16, -0.6998542122237654, -5.471813478509697e-16, 0.7142857142857142, 0.7142857142857142, 2.8869035779171756e-16, 0.6998542122237654, 0.01386428697921993, 0.08999999999999993, 0.013584171498642186, -0.006002456059384952, 0.7142857142857143, -0.0, 0.699854212223765, 0.0, 0.0, 1.0, 0.0, 0.002614605801020409, -0.02500000000000001, 0.09, -0.02449489742783176, 0.6480002238704315, -7.771561172376096e-16, 0.9999999999999998, 1.110223024625156e-16, -0.6998542122237654, -5.471813478509697e-16, 0.7142857142857142, 0.7142857142857142, 2.8869035779171756e-16, 0.6998542122237654, 0.01392857269350567, 0.08999999999999993, 0.013647158377742299, 1.5707963267948966], [-4.9960036108132044e-15, 1.0, -2.77555756156289e-16, 0.9897433186107871, 5.019794104198027e-15, 0.1428571428571431, 0.1428571428571431, 3.8630061785189495e-16, -0.9897433186107869, 0.0027728573958401004, 0.09000000000000015, -0.01921091956697837, -0.006002456059384948, 0.14285714285714293, 3.9650822308041287e-16, -0.989743318610787, 0.0, 0.0, 1.0, 0.0, 0.002855591281209447, -0.0050000000000000044, 0.09, 0.03464101615137758, 0.6480002238704315, -4.9960036108132044e-15, 1.0, -2.77555756156289e-16, 0.9897433186107871, 5.019794104198027e-15, 0.1428571428571431, 0.1428571428571431, 3.8630061785189495e-16, -0.9897433186107869, 0.002785714538697248, 0.09000000000000015, -0.01929999646565336, 1.5707963267948966], [7.077671781985373e-16, 0.9999999999999998, -4.4408920985006257e-16, 0.5150787536377133, -8.088767750840426e-16, -0.8571428571428565, -0.8571428571428568, 3.364150632817948e-16, -0.5150787536377132, -0.01663714437506114, 0.08999999999999993, -0.009997679520266116, -0.006002456059384928, -0.8571428571428569, -0.0, -0.5150787536377129, 0.0, 0.0, 1.0, 0.0, 0.002786754487058146, 0.03, 0.09, 0.01802775637731998, 0.6480002238704315, 7.077671781985373e-16, 0.9999999999999998, -4.4408920985006257e-16, 0.5150787536377133, -8.088767750840426e-16, -0.8571428571428565, -0.8571428571428568, 3.364150632817948e-16, -0.5150787536377132, -0.016714287232204028, 0.08999999999999993, -0.010044036608093524, 1.5707963267948966], [-1.1102230246251565e-16, 0.9999999999999998, 9.992007221626405e-16, 0.857142857142856, -4.474373657443106e-16, 0.5150787536377146, 0.5150787536377145, 8.287021862380628e-16, -0.8571428571428558, 0.009997679520265423, 0.09000000000000093, -0.016637144375059722, -0.006002456059384917, 0.5150787536377144, -0.0, -0.8571428571428563, 0.0, 0.0, 1.0, 0.0, 0.002963854985112029, -0.018027756377320008, 0.09, 0.03, 0.6480002238704315, -1.1102230246251565e-16, 0.9999999999999998, 9.992007221626405e-16, 0.857142857142856, -4.474373657443106e-16, 0.5150787536377146, 0.5150787536377145, 8.287021862380628e-16, -0.8571428571428558, 0.010044036608092832, 0.09000000000000093, -0.016714287232202554, 1.5707963267948966], [3.33066