import trajoptpy.math_utils as mu
import numpy as np
import openravepy
import re
import math
import trajoptpy
import time

pre_grasps = np.array([[ -3.14269681e-01,   1.11111111e-01,   9.42809042e-01,
                         -8.88888889e-01,   3.14269681e-01,  -3.33333333e-01,
                         -3.33333333e-01,  -9.42809042e-01,   0.00000000e+00,
                          1.53599998e-02,   1.68760976e-02,  -4.00000000e-02,
                         -4.24847351e-03,  -3.33333333e-01,  -9.42809042e-01,
                         -1.51615257e-16,   0.00000000e+00,   0.00000000e+00,
                          1.00000000e+00,   0.00000000e+00,   3.91763442e-06,
                          2.00000000e-02,   3.00000000e-02,  -4.00000000e-02,
                          5.48000224e-01,  -3.14269681e-01,   1.11111111e-01,
                          9.42809042e-01,  -8.88888889e-01,   3.14269681e-01,
                         -3.33333333e-01,  -3.33333333e-01,  -9.42809042e-01,
                          0.00000000e+00,   1.52999998e-02,   1.67063920e-02,
                         -4.00000000e-02,   1.57079633e+00],
                       [ -3.33333333e-01,  -8.16431199e-17,   9.42809042e-01,
                         -8.16431199e-17,   1.00000000e+00,   5.77304037e-17,
                         -9.42809042e-01,  -5.77304037e-17,  -3.33333333e-01,
                         -1.81869716e-02,  -1.03862769e-17,   2.29633328e-02,
                         -1.25620088e-03,  -9.42809042e-01,  -5.77304037e-17,
                         -3.33333333e-01,   0.00000000e+00,   0.00000000e+00,
                          1.00000000e+00,   0.00000000e+00,   3.52767676e-03,
                          3.00000000e-02,   0.00000000e+00,   4.00000000e-02,
                          5.48000224e-01,  -3.33333333e-01,  -8.16431199e-17,
                          9.42809042e-01,  -8.16431199e-17,   1.00000000e+00,
                          5.77304037e-17,  -9.42809042e-01,  -5.77304037e-17,
                         -3.33333333e-01,  -1.82718244e-02,  -1.03914727e-17,
                          2.29333328e-02,   0.00000000e+00],
                       [ -3.33333333e-01,   8.16431199e-17,  -9.42809042e-01,
                          8.16431199e-17,   1.00000000e+00,   5.77304037e-17,
                          9.42809042e-01,  -5.77304037e-17,  -3.33333333e-01,
                          1.81021188e-02,  -1.03810812e-17,   2.29933328e-02,
                         -1.25620088e-03,   9.42809042e-01,  -5.77304037e-17,
                         -3.33333333e-01,   0.00000000e+00,   0.00000000e+00,
                          1.00000000e+00,   0.00000000e+00,   3.55474007e-03,
                         -3.00000000e-02,   0.00000000e+00,   4.00000000e-02,
                          5.48000224e-01,  -3.33333333e-01,   8.16431199e-17,
                         -9.42809042e-01,   8.16431199e-17,   1.00000000e+00,
                          5.77304037e-17,   9.42809042e-01,  -5.77304037e-17,
                         -3.33333333e-01,   1.82718244e-02,  -1.03914727e-17,
                          2.29333328e-02,   0.00000000e+00],
                       [  3.33333333e-01,  -4.08215600e-17,   9.42809042e-01,
                         -4.08215600e-17,   1.00000000e+00,   5.77304037e-17,
                         -9.42809042e-01,  -5.77304037e-17,   3.33333333e-01,
                         -1.81021188e-02,  -3.81366568e-17,  -2.29933328e-02,
                         -1.25620088e-03,  -9.42809042e-01,  -5.77304037e-17,
                          3.33333333e-01,   0.00000000e+00,   0.00000000e+00,
                          1.00000000e+00,   0.00000000e+00,   3.64296933e-03,
                          3.00000000e-02,   0.00000000e+00,  -4.00000000e-02,
                          5.48000224e-01,   3.33333333e-01,  -4.08215600e-17,
                          9.42809042e-01,  -4.08215600e-17,   1.00000000e+00,
                          5.77304037e-17,  -9.42809042e-01,  -5.77304037e-17,
                          3.33333333e-01,  -1.82718244e-02,  -3.81470483e-17,
                         -2.29333328e-02,   0.00000000e+00],
                       [  3.33333333e-01,   4.08215600e-17,  -9.42809042e-01,
                          4.08215600e-17,   1.00000000e+00,   5.77304037e-17,
                          9.42809042e-01,  -5.77304037e-17,   3.33333333e-01,
                          1.81869716e-02,   1.73692987e-17,  -2.29633328e-02,
                         -1.25620088e-03,   9.42809042e-01,  -5.77304037e-17,
                          3.33333333e-01,   0.00000000e+00,   0.00000000e+00,
                          1.00000000e+00,   0.00000000e+00,   3.54499208e-03,
                         -3.00000000e-02,   0.00000000e+00,  -4.00000000e-02,
                          5.48000224e-01,   3.33333333e-01,   4.08215600e-17,
                         -9.42809042e-01,   4.08215600e-17,   1.00000000e+00,
                          5.77304037e-17,   9.42809042e-01,  -5.77304037e-17,
                          3.33333333e-01,   1.82718244e-02,   1.73641029e-17,
                         -2.29333328e-02,   0.00000000e+00],
                       [ -6.10622664e-16,  -3.82683432e-01,   9.23879533e-01,
                         -1.00000000e+00,   4.99600361e-16,  -5.55111512e-16,
                         -1.11022302e-16,  -9.23879533e-01,  -3.82683432e-01,
                         -1.11022302e-16,  -1.67575446e-02,   2.06323909e-02,
                         -1.18760866e-03,  -6.12323400e-17,  -9.23879533e-01,
                         -3.82683432e-01,   0.00000000e+00,   0.00000000e+00,
                          1.00000000e+00,   0.00000000e+00,   7.56882316e-04,
                          0.00000000e+00,   3.00000000e-02,   4.00000000e-02,
                          5.48000224e-01,  -6.10622664e-16,  -3.82683432e-01,
                          9.23879533e-01,  -1.00000000e+00,   4.99600361e-16,
                         -5.55111512e-16,  -1.11022302e-16,  -9.23879533e-01,
                         -3.82683432e-01,  -1.11022302e-16,  -1.68406937e-02,
                          2.05979494e-02,   1.57079633e+00],
                       [ -5.55111512e-16,   3.82683432e-01,  -9.23879533e-01,
                         -1.00000000e+00,  -3.33066907e-16,   4.44089210e-16,
                         -5.55111512e-17,   9.23879533e-01,   3.82683432e-01,
                         -1.11022302e-16,   1.67575446e-02,  -2.06323909e-02,
                         -1.18760866e-03,  -6.12323400e-17,   9.23879533e-01,
                          3.82683432e-01,   0.00000000e+00,   0.00000000e+00,
                          1.00000000e+00,   0.00000000e+00,   8.58379104e-04,
                          0.00000000e+00,  -3.00000000e-02,  -4.00000000e-02,
                          5.48000224e-01,  -5.55111512e-16,   3.82683432e-01,
                         -9.23879533e-01,  -1.00000000e+00,  -3.33066907e-16,
                          4.44089210e-16,  -5.55111512e-17,   9.23879533e-01,
                          3.82683432e-01,  -1.11022302e-16,   1.68406937e-02,
                         -2.05979494e-02,   1.57079633e+00],
                       [ -5.55111512e-16,   9.23879533e-01,   3.82683432e-01,
                         -1.00000000e+00,  -4.44089210e-16,  -3.05311332e-16,
                         -1.38777878e-16,  -3.82683432e-01,   9.23879533e-01,
                          0.00000000e+00,   6.32390901e-04,  -3.24245544e-03,
                         -9.50971244e-04,  -6.12323400e-17,  -3.82683432e-01,
                          9.23879533e-01,   0.00000000e+00,   0.00000000e+00,
                          1.00000000e+00,   0.00000000e+00,   8.00254671e-04,
                          0.00000000e+00,   2.00000000e-02,  -5.00000000e-02,
                          5.48000224e-01,  -5.55111512e-16,   9.23879533e-01,
                          3.82683432e-01,  -1.00000000e+00,  -4.44089210e-16,
                         -3.05311332e-16,  -1.38777878e-16,  -3.82683432e-01,
                          9.23879533e-01,   0.00000000e+00,   5.97949392e-04,
                         -3.15930628e-03,   1.57079633e+00],
                       [ -1.87350135e-16,  -9.23879533e-01,  -3.82683432e-01,
                         -1.00000000e+00,   1.45716772e-16,   5.55111512e-17,
                          5.55111512e-17,   3.82683432e-01,  -9.23879533e-01,
                         -1.11022302e-16,  -6.32390901e-04,   3.24245544e-03,
                         -9.50971244e-04,  -6.12323400e-17,   3.82683432e-01,
                         -9.23879533e-01,   0.00000000e+00,   0.00000000e+00,
                          1.00000000e+00,   0.00000000e+00,   8.36500208e-04,
                          0.00000000e+00,  -2.00000000e-02,   5.00000000e-02,
                          5.48000224e-01,  -1.87350135e-16,  -9.23879533e-01,
                         -3.82683432e-01,  -1.00000000e+00,   1.45716772e-16,
                          5.55111512e-17,   5.55111512e-17,   3.82683432e-01,
                         -9.23879533e-01,  -1.11022302e-16,  -5.97949392e-04,
                          3.15930628e-03,   1.57079633e+00],
                       [  9.42809042e-01,  -2.97149141e-17,  -3.33333333e-01,
                         -2.97149141e-17,   1.00000000e+00,  -1.73191211e-16,
                          3.33333333e-01,   1.73191211e-16,   9.42809042e-01,
                         -2.99333281e-03,   3.38766799e-18,  -1.89788122e-03,
                         -9.45463674e-04,   3.33333333e-01,   1.73191211e-16,
                          9.42809042e-01,   0.00000000e+00,   0.00000000e+00,
                          1.00000000e+00,   0.00000000e+00,   3.61552927e-03,
                         -2.00000000e-02,   0.00000000e+00,  -5.00000000e-02,
                          5.48000224e-01,   9.42809042e-01,  -2.97149141e-17,
                         -3.33333333e-01,  -2.97149141e-17,   1.00000000e+00,
                         -1.73191211e-16,   3.33333333e-01,   1.73191211e-16,
                          9.42809042e-01,  -2.93333281e-03,   3.41884241e-18,
                         -1.72817560e-03,   0.00000000e+00],
                       [ -9.42809042e-01,  -3.36477451e-16,   3.33333333e-01,
                         -3.36477451e-16,   1.00000000e+00,   5.77304037e-17,
                         -3.33333333e-01,  -5.77304037e-17,  -9.42809042e-01,
                          2.99333281e-03,   1.73744944e-17,   1.89788122e-03,
                         -9.45463674e-04,  -3.33333333e-01,  -5.77304037e-17,
                         -9.42809042e-01,   0.00000000e+00,   0.00000000e+00,
                          1.00000000e+00,   0.00000000e+00,   3.58216750e-03,
                          2.00000000e-02,   0.00000000e+00,   5.00000000e-02,
                          5.48000224e-01,  -9.42809042e-01,  -3.36477451e-16,
                          3.33333333e-01,  -3.36477451e-16,   1.00000000e+00,
                          5.77304037e-17,  -3.33333333e-01,  -5.77304037e-17,
                         -9.42809042e-01,   2.93333281e-03,   1.73641029e-17,
                          1.72817560e-03,   0.00000000e+00],
                       [ -9.42809042e-01,   3.36477451e-16,  -3.33333333e-01,
                          3.36477451e-16,   1.00000000e+00,   5.77304037e-17,
                          3.33333333e-01,  -5.77304037e-17,  -9.42809042e-01,
                         -2.96333281e-03,  -3.81418526e-17,   1.81302841e-03,
                         -9.45463674e-04,   3.33333333e-01,  -5.77304037e-17,
                         -9.42809042e-01,   0.00000000e+00,   0.00000000e+00,
                          1.00000000e+00,   0.00000000e+00,   3.51542409e-03,
                         -2.00000000e-02,   0.00000000e+00,   5.00000000e-02,
                          5.48000224e-01,  -9.42809042e-01,   3.36477451e-16,
                         -3.33333333e-01,   3.36477451e-16,   1.00000000e+00,
                          5.77304037e-17,   3.33333333e-01,  -5.77304037e-17,
                         -9.42809042e-01,  -2.93333281e-03,  -3.81470483e-17,
                          1.72817560e-03,   0.00000000e+00],
                       [  9.42809042e-01,   2.97149141e-17,   3.33333333e-01,
                          2.97149141e-17,   1.00000000e+00,  -1.73191211e-16,
                         -3.33333333e-01,   1.73191211e-16,   9.42809042e-01,
                          2.96333281e-03,   3.11588308e-17,  -1.81302841e-03,
                         -9.45463674e-04,  -3.33333333e-01,   1.73191211e-16,
                          9.42809042e-01,   0.00000000e+00,   0.00000000e+00,
                          1.00000000e+00,   0.00000000e+00,   3.53295021e-03,
                          2.00000000e-02,   0.00000000e+00,  -5.00000000e-02,
                          5.48000224e-01,   9.42809042e-01,   2.97149141e-17,
                          3.33333333e-01,   2.97149141e-17,   1.00000000e+00,
                         -1.73191211e-16,  -3.33333333e-01,   1.73191211e-16,
                          9.42809042e-01,   2.93333281e-03,   3.11744180e-17,
                         -1.72817560e-03,   0.00000000e+00]])

side_pre_grasps = pre_grasps[1:7]

cylinder_pre_grasps = np.array(
[[-5.55111512313e-16,1.0,-2.22044604925e-16,-0.79045516233,-5.85638225271e-16,-0.612519906897,-0.612519906897,-1.75516304231e-16,0.79045516233,-0.013327209219,-0.066336,0.0171987248218,-0.00276800794351,-0.612519906897,-0,0.79045516233,0.0,0.0,1.0,0.0,0.00407296152695,0.02,-0.066336,-0.0258099419604,0.54800022387,-5.55111512313e-16,1.0,-2.22044604925e-16,-0.79045516233,-5.85638225271e-16,-0.612519906897,-0.612519906897,-1.75516304231e-16,0.79045516233,-0.0133823360106,-0.066336,0.0172698657864,1.57079632679],
[-6.66133814775e-16,1.0,2.22044604925e-16,-0.720225484005,-5.98130444407e-16,0.693740046552,0.693740046552,2.56411451182e-16,0.720225484005,0.0150943971614,-0.066336,0.0156706673564,-0.00276800794351,0.693740046552,-0,0.720225484005,0.0,0.0,1.0,0.0,0.00349731346233,-0.022652,-0.066336,-0.0235168025037,0.54800022387,-6.66133814775e-16,1.0,2.22044604925e-16,-0.720225484005,-5.98130444407e-16,0.693740046552,0.693740046552,2.56411451182e-16,0.720225484005,0.0151568337656,-0.066336,0.01573548765,1.57079632679],
[2.22044604925e-16,1.0,4.99600361081e-16,0.612519906897,-5.64094362849e-16,0.79045516233,0.79045516233,-1.83182378844e-16,-0.612519906897,0.0171987248218,-0.066336,-0.013327209219,-0.00276800794351,0.79045516233,-0,-0.612519906897,0.0,0.0,1.0,0.0,0.00362665342644,-0.0258099419604,-0.066336,0.02,0.54800022387,2.22044604925e-16,1.0,4.99600361081e-16,0.612519906897,-5.64094362849e-16,0.79045516233,0.79045516233,-1.83182378844e-16,-0.612519906897,0.0172698657864,-0.066336,-0.0133823360106,1.57079632679],
[3.1918911958e-16,1.0,-8.32667268469e-16,0.612519906897,-8.79195569163e-16,-0.79045516233,-0.79045516233,-3.08082469114e-16,-0.612519906897,-0.0171987248218,-0.066336,-0.013327209219,-0.00276800794351,-0.79045516233,-0,-0.612519906897,0.0,0.0,1.0,0.0,0.00360568412201,0.0258099419604,-0.066336,0.02,0.54800022387,3.1918911958e-16,1.0,-8.32667268469e-16,0.612519906897,-8.79195569163e-16,-0.79045516233,-0.79045516233,-3.08082469114e-16,-0.612519906897,-0.0172698657864,-0.066336,-0.0133823360106,1.57079632679],
[5.55111512313e-16,1.0,-3.88578058619e-16,0.79045516233,-6.96660527733e-16,-0.612519906897,-0.612519906897,6.44940017681e-17,-0.79045516233,-0.013327209219,-0.066336,-0.0171987248218,-0.00276800794351,-0.612519906897,-0,-0.79045516233,0.0,0.0,1.0,0.0,0.00424331081257,0.02,-0.066336,0.0258099419604,0.54800022387,5.55111512313e-16,1.0,-3.88578058619e-16,0.79045516233,-6.96660527733e-16,-0.612519906897,-0.612519906897,6.44940017681e-17,-0.79045516233,-0.0133823360106,-0.066336,-0.0172698657864,1.57079632679],
[-6.66133814775e-16,1.0,1.11022302463e-16,-1.0,-5.55111512313e-16,4.4408920985e-16,3.33066907388e-16,-2.22044604925e-16,1.0,-1.11022302463e-16,-0.066336,0.0217580017709,-0.00276800794351,-0,-4.25021064799e-16,1.0,0.0,0.0,1.0,0.0,0.00378002086259,0.0,-0.066336,-0.032652,0.54800022387,-6.66133814775e-16,1.0,1.11022302463e-16,-1.0,-5.55111512313e-16,4.4408920985e-16,3.33066907388e-16,-2.22044604925e-16,1.0,-1.11022302463e-16,-0.066336,0.0218480017709,1.57079632679],
[0.0,1.0,4.4408920985e-16,2.77555756156e-16,-4.4408920985e-16,1.0,1.0,6.08593862426e-32,-2.77555756156e-16,0.0217580017709,-0.066336,6.51334455121e-17,-0.00276800794351,1.0,-0,-4.51107157672e-16,0.0,0.0,1.0,0.0,0.00396764210158,-0.032652,-0.066336,0.0,0.54800022387,0.0,1.0,4.4408920985e-16,2.77555756156e-16,-4.4408920985e-16,1.0,1.0,6.08593862426e-32,-2.77555756156e-16,0.0218480017709,-0.066336,6.51334455121e-17,1.57079632679],
[2.22044604925e-16,1.0,-4.64905891562e-16,4.51028103754e-16,-4.64905891562e-16,-1.0,-1.0,2.22044604925e-16,-4.51028103754e-16,-0.0217580017709,-0.066336,-4.58888569504e-17,-0.00276800794351,-1.0,-0,-4.51107157672e-16,0.0,0.0,1.0,0.0,0.00389998636038,0.032652,-0.066336,0.0,0.54800022387,2.22044604925e-16,1.0,-4.64905891562e-16,4.51028103754e-16,-4.64905891562e-16,-1.0,-1.0,2.22044604925e-16,-4.51028103754e-16,-0.0218480017709,-0.066336,-4.58888569504e-17,1.57079632679],
[-4.16333634234e-16,1.0,-7.77156117238e-16,-0.693740046552,-8.3927853911e-16,-0.720225484005,-0.720225484005,2.90047975293e-16,0.693740046552,-0.0156706673564,-0.066336,0.0150943971614,-0.00276800794351,-0.720225484005,-0,0.693740046552,0.0,0.0,1.0,0.0,0.0040663899281,0.0235168025037,-0.066336,-0.022652,0.54800022387,-4.16333634234e-16,1.0,-7.77156117238e-16,-0.693740046552,-8.3927853911e-16,-0.720225484005,-0.720225484005,2.90047975293e-16,0.693740046552,-0.01573548765,-0.066336,0.0151568337656,1.57079632679],
[-4.4408920985e-16,1.0,3.88578058619e-16,-0.693740046552,-6.04011392903e-16,0.720225484005,0.720225484005,-4.30189320947e-17,0.693740046552,0.0156706673564,-0.066336,0.0150943971614,-0.00276800794351,0.720225484005,-0,0.693740046552,0.0,0.0,1.0,0.0,0.00345481024697,-0.0235168025037,-0.066336,-0.022652,0.54800022387,-4.4408920985e-16,1.0,3.88578058619e-16,-0.693740046552,-6.04011392903e-16,0.720225484005,0.720225484005,-4.30189320947e-17,0.693740046552,0.01573548765,-0.066336,0.0151568337656,1.57079632679],
[3.33066907388e-16,1.0,3.33066907388e-16,0.720225484005,-4.87108141945e-16,0.693740046552,0.693740046552,-1.45389148719e-16,-0.720225484005,0.0150943971614,-0.066336,-0.0156706673564,-0.00276800794351,0.693740046552,-0,-0.720225484005,0.0,0.0,1.0,0.0,0.00350388295835,-0.022652,-0.066336,0.0235168025037,0.54800022387,3.33066907388e-16,1.0,3.33066907388e-16,0.720225484005,-4.87108141945e-16,0.693740046552,0.693740046552,-1.45389148719e-16,-0.720225484005,0.0151568337656,-0.066336,-0.01573548765,1.57079632679],
[-8.881784197e-16,-1.0,-3.88578058619e-16,-1.0,8.32667268469e-16,-1.11022302463e-16,1.66533453694e-16,3.33066907388e-16,-1.0,-4.4408920985e-16,-0.066336,-0.0217580017709,-0.00276800794351,-0,4.25021064799e-16,-1.0,0.0,0.0,1.0,0.0,0.00265421978573,0.0,-0.066336,0.032652,0.54800022387,-8.881784197e-16,-1.0,-3.88578058619e-16,-1.0,8.32667268469e-16,-1.11022302463e-16,1.66533453694e-16,3.33066907388e-16,-1.0,-4.4408920985e-16,-0.066336,-0.0218480017709,1.57079632679],
[-6.66133814775e-16,1.0,-2.22044604925e-16,-0.79045516233,-5.85638225271e-16,-0.612519906897,-0.612519906897,-2.86538606693e-16,0.79045516233,-0.013327209219,0.06,0.0171987248218,-0.00228538793809,-0.612519906897,-2.12510532399e-16,0.79045516233,0.0,0.0,1.0,0.0,0.00302091122873,0.02,0.06,-0.0258099419604,0.54800022387,-6.66133814775e-16,1.0,-2.22044604925e-16,-0.79045516233,-5.85638225271e-16,-0.612519906897,-0.612519906897,-2.86538606693e-16,0.79045516233,-0.0133823360106,0.06,0.0172698657864,1.57079632679],
[9.43689570931e-16,1.0,-7.77156117238e-16,0.612519906897,-1.26777362778e-15,-0.79045516233,-0.79045516233,2.47029043198e-16,-0.612519906897,-0.0171987248218,0.06,-0.013327209219,-0.00228538793809,-0.79045516233,2.12510532399e-16,-0.612519906897,0.0,0.0,1.0,0.0,0.00294330837795,0.0258099419604,0.06,0.02,0.54800022387,9.43689570931e-16,1.0,-7.77156117238e-16,0.612519906897,-1.26777362778e-15,-0.79045516233,-0.79045516233,2.47029043198e-16,-0.612519906897,-0.0172698657864,0.06,-0.0133823360106,1.57079632679],
[-6.66133814775e-16,1.0,5.55111512313e-17,-1.0,-5.55111512313e-16,5.55111512313e-16,3.88578058619e-16,-1.11022302463e-16,1.0,-1.11022302463e-16,0.06,0.0217580017709,-0.00228538793809,-0,-2.12510532399e-16,1.0,0.0,0.0,1.0,0.0,0.00296654871285,0.0,0.06,-0.032652,0.54800022387,-6.66133814775e-16,1.0,5.55111512313e-17,-1.0,-5.55111512313e-16,5.55111512313e-16,3.88578058619e-16,-1.11022302463e-16,1.0,-1.11022302463e-16,0.06,0.0218480017709,1.57079632679],
[-3.33066907388e-16,1.0,3.33066907388e-16,0.612519906897,-6.44940017681e-17,0.79045516233,0.79045516233,3.16417982237e-16,-0.612519906897,0.0171987248218,0.06,-0.013327209219,-0.00228538793809,0.79045516233,2.12510532399e-16,-0.612519906897,0.0,0.0,1.0,0.0,0.00448030628034,-0.0258099419604,0.06,0.02,0.54800022387,-3.33066907388e-16,1.0,3.33066907388e-16,0.612519906897,-6.44940017681e-17,0.79045516233,0.79045516233,3.16417982237e-16,-0.612519906897,0.0172698657864,0.06,-0.0133823360106,1.57079632679],
[-8.04911692853e-16,1.0,-7.77156117238e-16,-0.693740046552,-1.06132314403e-15,-0.720225484005,-0.720225484005,-4.30189320947e-17,0.693740046552,-0.0156706673564,0.06,0.0150943971614,-0.00228538793809,-0.720225484005,-2.12510532399e-16,0.693740046552,0.0,0.0,1.0,0.0,0.00301214980658,0.0235168025037,0.06,-0.022652,0.54800022387,-8.04911692853e-16,1.0,-7.77156117238e-16,-0.693740046552,-1.06132314403e-15,-0.720225484005,-0.720225484005,-4.30189320947e-17,0.693740046552,-0.01573548765,0.06,0.0151568337656,1.57079632679],
[1.05471187339e-15,1.0,-5.55111512313e-16,0.79045516233,-1.19626088881e-15,-0.612519906897,-0.612519906897,1.75516304231e-16,-0.79045516233,-0.013327209219,0.06,-0.0171987248218,-0.00228538793809,-0.612519906897,2.12510532399e-16,-0.79045516233,0.0,0.0,1.0,0.0,0.00462282856558,0.02,0.06,0.0258099419604,0.54800022387,1.05471187339e-15,1.0,-5.55111512313e-16,0.79045516233,-1.19626088881e-15,-0.612519906897,-0.612519906897,1.75516304231e-16,-0.79045516233,-0.0133823360106,0.06,-0.0172698657864,1.57079632679],
[-4.4408920985e-16,1.0,5.55111512313e-16,-3.33066907388e-16,-5.55111512313e-16,1.0,1.0,2.22044604925e-16,3.33066907388e-16,0.0217580017709,0.06,3.1523178165e-16,-0.00228538793809,1.0,-0,4.08020222207e-16,0.0,0.0,1.0,0.0,0.0030182006208,-0.032652,0.06,0.0,0.54800022387,-4.4408920985e-16,1.0,5.55111512313e-16,-3.33066907388e-16,-5.55111512313e-16,1.0,1.0,2.22044604925e-16,3.33066907388e-16,0.0218480017709,0.06,3.1523178165e-16,1.57079632679],
[-1.11022302463e-16,1.0,2.22044604925e-16,0.720225484005,-1.54041234557e-16,0.693740046552,0.693740046552,4.88998805904e-17,-0.720225484005,0.0150943971614,0.06,-0.0156706673564,-0.00228538793809,0.693740046552,2.12510532399e-16,-0.720225484005,0.0,0.0,1.0,0.0,0.00432949741322,-0.022652,0.06,0.0235168025037,0.54800022387,-1.11022302463e-16,1.0,2.22044604925e-16,0.720225484005,-1.54041234557e-16,0.693740046552,0.693740046552,4.88998805904e-17,-0.720225484005,0.0151568337656,0.06,-0.01573548765,1.57079632679],
[-5.55111512313e-16,1.0,4.4408920985e-16,-0.720225484005,-5.98130444407e-16,0.693740046552,0.693740046552,-4.88998805904e-17,0.720225484005,0.0150943971614,0.06,0.0156706673564,-0.00228538793809,0.693740046552,-2.12510532399e-16,0.720225484005,0.0,0.0,1.0,0.0,0.00288602436878,-0.022652,0.06,-0.0235168025037,0.54800022387,-5.55111512313e-16,1.0,4.4408920985e-16,-0.720225484005,-5.98130444407e-16,0.693740046552,0.693740046552,-4.88998805904e-17,0.720225484005,0.0151568337656,0.06,0.01573548765,1.57079632679],
[-8.881784197e-16,-1.0,4.93038065763e-32,-1.0,8.32667268469e-16,-1.11022302463e-16,1.66533453694e-16,-1.11022302463e-16,-1.0,-1.11022302463e-16,0.06,-0.0217580017709,-0.00228538793809,-0,2.12510532399e-16,-1.0,0.0,0.0,1.0,0.0,0.0043365625316,0.0,0.06,0.032652,0.54800022387,-8.881784197e-16,-1.0,4.93038065763e-32,-1.0,8.32667268469e-16,-1.11022302463e-16,1.66533453694e-16,-1.11022302463e-16,-1.0,-1.11022302463e-16,0.06,-0.0218480017709,1.57079632679],
[-1.82849744943e-31,1.0,-3.62557206479e-16,-2.70616862252e-16,-3.62557206479e-16,-1.0,-1.0,-6.00890142649e-32,2.70616862252e-16,-0.0217580017709,0.06,9.31871767251e-17,-0.00228538793809,-1.0,-0,4.08020222207e-16,0.0,0.0,1.0,0.0,0.00299128801813,0.032652,0.06,0.0,0.54800022387,-1.82849744943e-31,1.0,-3.62557206479e-16,-2.70616862252e-16,-3.62557206479e-16,-1.0,-1.0,-6.00890142649e-32,2.70616862252e-16,-0.0218480017709,0.06,9.31871767251e-17,1.57079632679],
[-4.4408920985e-16,1.0,3.33066907388e-16,-0.693740046552,-4.9298909044e-16,0.720225484005,0.720225484005,-4.30189320947e-17,0.693740046552,0.0156706673564,0.06,0.0150943971614,-0.00228538793809,0.720225484005,-2.12510532399e-16,0.693740046552,0.0,0.0,1.0,0.0,0.00499516041998,-0.0235168025037,0.06,-0.022652,0.54800022387,-4.4408920985e-16,1.0,3.33066907388e-16,-0.693740046552,-4.9298909044e-16,0.720225484005,0.720225484005,-4.30189320947e-17,0.693740046552,0.01573548765,0.06,0.0151568337656,1.57079632679],
[-4.4408920985e-16,1.0,3.88578058619e-16,-0.693740046552,-5.48500241672e-16,0.720225484005,0.720225484005,4.02477947522e-17,0.693740046552,0.0156706673564,-0.046336,0.0150943971614,-0.00151786620923,0.720225484005,-2.12510532399e-16,0.693740046552,0.0,0.0,1.0,0.0,0.00359184070445,-0.0235168025037,-0.046336,-0.022652,0.54800022387,-4.4408920985e-16,1.0,3.88578058619e-16,-0.693740046552,-5.48500241672e-16,0.720225484005,0.720225484005,4.02477947522e-17,0.693740046552,0.01573548765,-0.046336,0.0151568337656,1.57079632679],
[-8.881784197e-16,-1.0,4.93038065763e-32,-1.0,8.32667268469e-16,-1.11022302463e-16,1.66533453694e-16,-1.11022302463e-16,-1.0,-1.11022302463e-16,-0.046336,-0.0217580017709,-0.00151786620923,-0,2.12510532399e-16,-1.0,0.0,0.0,1.0,0.0,0.00463820134075,0.0,-0.046336,0.032652,0.54800022387,-8.881784197e-16,-1.0,4.93038065763e-32,-1.0,8.32667268469e-16,-1.11022302463e-16,1.66533453694e-16,-1.11022302463e-16,-1.0,-1.11022302463e-16,-0.046336,-0.0218480017709,1.57079632679],
[0.0,1.0,3.88578058619e-16,0.612519906897,-3.42049757924e-16,0.79045516233,0.79045516233,1.49884528543e-16,-0.612519906897,0.0171987248218,-0.046336,-0.013327209219,-0.00151786620923,0.79045516233,2.12510532399e-16,-0.612519906897,0.0,0.0,1.0,0.0,0.00375597277317,-0.0258099419604,-0.046336,0.02,0.54800022387,0.0,1.0,3.88578058619e-16,0.612519906897,-3.42049757924e-16,0.79045516233,0.79045516233,1.49884528543e-16,-0.612519906897,0.0172698657864,-0.046336,-0.0133823360106,1.57079632679],
[9.85322934355e-16,1.0,-7.21644966006e-16,0.612519906897,-1.21226247655e-15,-0.79045516233,-0.79045516233,3.58051345661e-16,-0.612519906897,-0.0171987248218,-0.046336,-0.013327209219,-0.00151786620923,-0.79045516233,2.12510532399e-16,-0.612519906897,0.0,0.0,1.0,0.0,0.0043094419556,0.0258099419604,-0.046336,0.02,0.54800022387,9.85322934355e-16,1.0,-7.21644966006e-16,0.612519906897,-1.21226247655e-15,-0.79045516233,-0.79045516233,3.58051345661e-16,-0.612519906897,-0.0172698657864,-0.046336,-0.0133823360106,1.57079632679],
[-5.28314181034e-32,1.0,-3.55618312575e-16,1.17961196366e-16,-3.55618312575e-16,-1.0,-1.0,2.61926472437e-32,-1.17961196366e-16,-0.0217580017709,-0.046336,-9.69547792745e-17,-0.00151786620923,-1.0,-0,-3.15100416936e-16,0.0,0.0,1.0,0.0,0.00363789325522,0.032652,-0.046336,0.0,0.54800022387,-5.28314181034e-32,1.0,-3.55618312575e-16,1.17961196366e-16,-3.55618312575e-16,-1.0,-1.0,2.61926472437e-32,-1.17961196366e-16,-0.0218480017709,-0.046336,-9.69547792745e-17,1.57079632679],
[-6.66133814775e-16,1.0,5.55111512313e-17,-1.0,-5.55111512313e-16,5.55111512313e-16,3.88578058619e-16,-1.11022302463e-16,1.0,-1.11022302463e-16,-0.046336,0.0217580017709,-0.00151786620923,-0,-2.12510532399e-16,1.0,0.0,0.0,1.0,0.0,0.00358302668805,0.0,-0.046336,-0.032652,0.54800022387,-6.66133814775e-16,1.0,5.55111512313e-17,-1.0,-5.55111512313e-16,5.55111512313e-16,3.88578058619e-16,-1.11022302463e-16,1.0,-1.11022302463e-16,-0.046336,0.0218480017709,1.57079632679],
[1.05471187339e-15,1.0,-5.55111512313e-16,0.79045516233,-1.19626088881e-15,-0.612519906897,-0.612519906897,1.75516304231e-16,-0.79045516233,-0.013327209219,-0.046336,-0.0171987248218,-0.00151786620923,-0.612519906897,2.12510532399e-16,-0.79045516233,0.0,0.0,1.0,0.0,0.0047005604773,0.02,-0.046336,0.0258099419604,0.54800022387,1.05471187339e-15,1.0,-5.55111512313e-16,0.79045516233,-1.19626088881e-15,-0.612519906897,-0.612519906897,1.75516304231e-16,-0.79045516233,-0.0133823360106,-0.046336,-0.0172698657864,1.57079632679],
[-4.4408920985e-16,1.0,2.22044604925e-16,-5.55111512313e-17,-2.22044604925e-16,1.0,1.0,2.22044604925e-16,5.55111512313e-17,0.0217580017709,-0.046336,-2.07977081737e-16,-0.00151786620923,1.0,-0,-3.15100416936e-16,0.0,0.0,1.0,0.0,0.00461287139457,-0.032652,-0.046336,0.0,0.54800022387,-4.4408920985e-16,1.0,2.22044604925e-16,-5.55111512313e-17,-2.22044604925e-16,1.0,1.0,2.22044604925e-16,5.55111512313e-17,0.0218480017709,-0.046336,-2.07977081737e-16,1.57079632679],
[-1.11022302463e-16,1.0,2.22044604925e-16,0.720225484005,-1.54041234557e-16,0.693740046552,0.693740046552,4.88998805904e-17,-0.720225484005,0.0150943971614,-0.046336,-0.0156706673564,-0.00151786620923,0.693740046552,2.12510532399e-16,-0.720225484005,0.0,0.0,1.0,0.0,0.00449221433589,-0.022652,-0.046336,0.0235168025037,0.54800022387,-1.11022302463e-16,1.0,2.22044604925e-16,0.720225484005,-1.54041234557e-16,0.693740046552,0.693740046552,4.88998805904e-17,-0.720225484005,0.0151568337656,-0.046336,-0.01573548765,1.57079632679],
[-5.55111512313e-16,1.0,4.4408920985e-16,-0.720225484005,-5.98130444407e-16,0.693740046552,0.693740046552,-4.88998805904e-17,0.720225484005,0.0150943971614,-0.046336,0.0156706673564,-0.00151786620923,0.693740046552,-2.12510532399e-16,0.720225484005,0.0,0.0,1.0,0.0,0.00487745300442,-0.022652,-0.046336,-0.0235168025037,0.54800022387,-5.55111512313e-16,1.0,4.4408920985e-16,-0.720225484005,-5.98130444407e-16,0.693740046552,0.693740046552,-4.88998805904e-17,0.720225484005,0.0151568337656,-0.046336,0.01573548765,1.57079632679],
[1.38777878078e-16,1.0,-4.99600361081e-16,-0.693740046552,-3.39678178028e-16,-0.720225484005,-0.720225484005,5.12092580218e-16,0.693740046552,-0.0156706673564,-0.046336,0.0150943971614,-0.00151786620923,-0.720225484005,-2.12510532399e-16,0.693740046552,0.0,0.0,1.0,0.0,0.00477659199792,0.0235168025037,-0.046336,-0.022652,0.54800022387,1.38777878078e-16,1.0,-4.99600361081e-16,-0.693740046552,-3.39678178028e-16,-0.720225484005,-0.720225484005,5.12092580218e-16,0.693740046552,-0.01573548765,-0.046336,0.0151568337656,1.57079632679],
[-6.66133814775e-16,1.0,-2.22044604925e-16,-0.79045516233,-5.85638225271e-16,-0.612519906897,-0.612519906897,-2.86538606693e-16,0.79045516233,-0.013327209219,-0.046336,0.0171987248218,-0.00151786620923,-0.612519906897,-2.12510532399e-16,0.79045516233,0.0,0.0,1.0,0.0,0.00378405867523,0.02,-0.046336,-0.0258099419604,0.54800022387,-6.66133814775e-16,1.0,-2.22044604925e-16,-0.79045516233,-5.85638225271e-16,-0.612519906897,-0.612519906897,-2.86538606693e-16,0.79045516233,-0.0133823360106,-0.046336,0.0172698657864,1.57079632679],
[-5.82867087928e-16,1.0,-6.10622663544e-16,-0.693740046552,-8.94789690341e-16,-0.720225484005,-0.720225484005,-4.30189320947e-17,0.693740046552,-0.0156706673564,0.04,0.0150943971614,-0.00128868620381,-0.720225484005,-2.12510532399e-16,0.693740046552,0.0,0.0,1.0,0.0,0.00324499480635,0.0235168025037,0.04,-0.022652,0.54800022387,-5.82867087928e-16,1.0,-6.10622663544e-16,-0.693740046552,-8.94789690341e-16,-0.720225484005,-0.720225484005,-4.30189320947e-17,0.693740046552,-0.01573548765,0.04,0.0151568337656,1.57079632679],
[-3.33066907388e-16,1.0,3.33066907388e-16,0.612519906897,-6.44940017681e-17,0.79045516233,0.79045516233,3.16417982237e-16,-0.612519906897,0.0171987248218,0.04,-0.013327209219,-0.00128868620381,0.79045516233,2.12510532399e-16,-0.612519906897,0.0,0.0,1.0,0.0,0.00372061491736,-0.0258099419604,0.04,0.02,0.54800022387,-3.33066907388e-16,1.0,3.33066907388e-16,0.612519906897,-6.44940017681e-17,0.79045516233,0.79045516233,3.16417982237e-16,-0.612519906897,0.0172698657864,0.04,-0.0133823360106,1.57079632679],
[-6.66133814775e-16,1.0,5.55111512313e-17,-1.0,-5.55111512313e-16,5.55111512313e-16,3.88578058619e-16,-1.11022302463e-16,1.0,-1.11022302463e-16,0.04,0.0217580017709,-0.00128868620381,-0,-2.12510532399e-16,1.0,0.0,0.0,1.0,0.0,0.00339106019537,0.0,0.04,-0.032652,0.54800022387,-6.66133814775e-16,1.0,5.55111512313e-17,-1.0,-5.55111512313e-16,5.55111512313e-16,3.88578058619e-16,-1.11022302463e-16,1.0,-1.11022302463e-16,0.04,0.0218480017709,1.57079632679],
[9.43689570931e-16,1.0,-7.77156117238e-16,0.612519906897,-1.26777362778e-15,-0.79045516233,-0.79045516233,2.47029043198e-16,-0.612519906897,-0.0171987248218,0.04,-0.013327209219,-0.00128868620381,-0.79045516233,2.12510532399e-16,-0.612519906897,0.0,0.0,1.0,0.0,0.00352523664722,0.0258099419604,0.04,0.02,0.54800022387,9.43689570931e-16,1.0,-7.77156117238e-16,0.612519906897,-1.26777362778e-15,-0.79045516233,-0.79045516233,2.47029043198e-16,-0.612519906897,-0.0172698657864,0.04,-0.0133823360106,1.57079632679],
[-8.881784197e-16,1.0,5.55111512313e-16,-0.720225484005,-9.86708503026e-16,0.693740046552,0.693740046552,6.21224218721e-17,0.720225484005,0.0150943971614,0.04,0.0156706673564,-0.00128868620381,0.693740046552,-2.12510532399e-16,0.720225484005,0.0,0.0,1.0,0.0,0.00343346904452,-0.022652,0.04,-0.0235168025037,0.54800022387,-8.881784197e-16,1.0,5.55111512313e-16,-0.720225484005,-9.86708503026e-16,0.693740046552,0.693740046552,6.21224218721e-17,0.720225484005,0.0151568337656,0.04,0.01573548765,1.57079632679],
[1.05471187339e-15,1.0,-5.55111512313e-16,0.79045516233,-1.19626088881e-15,-0.612519906897,-0.612519906897,1.75516304231e-16,-0.79045516233,-0.013327209219,0.04,-0.0171987248218,-0.00128868620381,-0.612519906897,2.12510532399e-16,-0.79045516233,0.0,0.0,1.0,0.0,0.00501118774658,0.02,0.04,0.0258099419604,0.54800022387,1.05471187339e-15,1.0,-5.55111512313e-16,0.79045516233,-1.19626088881e-15,-0.612519906897,-0.612519906897,1.75516304231e-16,-0.79045516233,-0.0133823360106,0.04,-0.0172698657864,1.57079632679],
[-4.4408920985e-16,1.0,4.4408920985e-16,-1.11022302463e-16,-4.4408920985e-16,1.0,1.0,2.22044604925e-16,1.11022302463e-16,0.0217580017709,0.04,-1.33302657107e-16,-0.00128868620381,1.0,-0,2.72013481471e-16,0.0,0.0,1.0,0.0,0.00372988017412,-0.032652,0.04,0.0,0.54800022387,-4.4408920985e-16,1.0,4.4408920985e-16,-1.11022302463e-16,-4.4408920985e-16,1.0,1.0,2.22044604925e-16,1.11022302463e-16,0.0218480017709,0.04,-1.33302657107e-16,1.57079632679],
[-4.16333634234e-16,1.0,0.0,-0.79045516233,-3.63593620346e-16,-0.612519906897,-0.612519906897,-2.86538606693e-16,0.79045516233,-0.013327209219,0.04,0.0171987248218,-0.00128868620381,-0.612519906897,-2.12510532399e-16,0.79045516233,0.0,0.0,1.0,0.0,0.00322469211421,0.02,0.04,-0.0258099419604,0.54800022387,-4.16333634234e-16,1.0,0.0,-0.79045516233,-3.63593620346e-16,-0.612519906897,-0.612519906897,-2.86538606693e-16,0.79045516233,-0.0133823360106,0.04,0.0172698657864,1.57079632679],
[-1.11022302463e-16,1.0,2.22044604925e-16,0.720225484005,-1.54041234557e-16,0.693740046552,0.693740046552,4.88998805904e-17,-0.720225484005,0.0150943971614,0.04,-0.0156706673564,-0.00128868620381,0.693740046552,2.12510532399e-16,-0.720225484005,0.0,0.0,1.0,0.0,0.00372159664659,-0.022652,0.04,0.0235168025037,0.54800022387,-1.11022302463e-16,1.0,2.22044604925e-16,0.720225484005,-1.54041234557e-16,0.693740046552,0.693740046552,4.88998805904e-17,-0.720225484005,0.0151568337656,0.04,-0.01573548765,1.57079632679],
[-8.881784197e-16,-1.0,4.93038065763e-32,-1.0,8.32667268469e-16,-1.11022302463e-16,1.66533453694e-16,-1.11022302463e-16,-1.0,-1.11022302463e-16,0.04,-0.0217580017709,-0.00128868620381,-0,2.12510532399e-16,-1.0,0.0,0.0,1.0,0.0,0.00471307437403,0.0,0.04,0.032652,0.54800022387,-8.881784197e-16,-1.0,4.93038065763e-32,-1.0,8.32667268469e-16,-1.11022302463e-16,1.66533453694e-16,-1.11022302463e-16,-1.0,-1.11022302463e-16,0.04,-0.0218480017709,1.57079632679],
[2.22044604925e-16,1.0,-3.62557206479e-16,-1.97215226305e-31,-3.62557206479e-16,-1.0,-1.0,2.22044604925e-16,4.93038065763e-32,-0.0217580017709,0.04,1.44253099049e-16,-0.00128868620381,-1.0,-0,2.72013481471e-16,0.0,0.0,1.0,0.0,0.00340482625728,0.032652,0.04,0.0,0.54800022387,2.22044604925e-16,1.0,-3.62557206479e-16,-1.97215226305e-31,-3.62557206479e-16,-1.0,-1.0,2.22044604925e-16,4.93038065763e-32,-0.0218480017709,0.04,1.44253099049e-16,1.57079632679],
[-4.4408920985e-16,1.0,2.77555756156e-16,-0.693740046552,-4.37477939209e-16,0.720225484005,0.720225484005,1.24922191366e-17,0.693740046552,0.0156706673564,0.04,0.0150943971614,-0.00128868620381,0.720225484005,-2.12510532399e-16,0.693740046552,0.0,0.0,1.0,0.0,0.00359176046673,-0.0235168025037,0.04,-0.022652,0.54800022387,-4.4408920985e-16,1.0,2.77555756156e-16,-0.693740046552,-4.37477939209e-16,0.720225484005,0.720225484005,1.24922191366e-17,0.693740046552,0.01573548765,0.04,0.0151568337656,1.57079632679],
[1.0,-2.25371043243e-32,1.57009245868e-16,-1.57009245868e-16,-6.50353590567e-17,1.0,-1.23259516441e-32,-1.0,-6.50353590567e-17,2.22044604925e-16,0.0219259982291,1.95752702242e-16,-0.00122911770747,0.0,-1.0,-2.22044604925e-16,0.0,0.0,1.0,0.0,0.0045379443147,0.0,0.076336,0.0,0.54800022387,1.0,-2.25371043243e-32,1.57009245868e-16,-1.57009245868e-16,-6.50353590567e-17,1.0,-1.23259516441e-32,-1.0,-6.50353590567e-17,2.22044604925e-16,0.0218359982291,1.95725597188e-16,0.0],
[1.0,4.33571816787e-32,-2.40420407736e-16,-2.40420407736e-16,1.38633443057e-16,-1.0,-1.0026872773e-32,1.0,1.38633443057e-16,2.22044604925e-16,-0.0219259982291,-9.15608734664e-17,-0.00122911770747,-0,1.0,2.22044604925e-16,0.0,0.0,1.0,0.0,0.00460421683532,0.0,-0.076336,0.0,0.54800022387,1.0,4.33571816787e-32,-2.40420407736e-16,-2.40420407736e-16,1.38633443057e-16,-1.0,-1.0026872773e-32,1.0,1.38633443057e-16,2.22044604925e-16,-0.0218359982291,-9.15337684121e-17,0.0],
[-0.707106781187,-1.75592407253e-16,-0.707106781187,-0.707106781187,6.57316612729e-17,0.707106781187,-7.76832784685e-17,1.0,-1.70641885318e-16,-4.4408920985e-16,-0.0219259982291,1.94614289961e-17,-0.00122911770747,-0,1.0,2.22044604925e-16,0.0,0.0,1.0,0.0,0.00348876523637,0.0,-0.076336,0.0,0.54800022387,-0.707106781187,-1.75592407253e-16,-0.707106781187,-0.707106781187,6.57316612729e-17,0.707106781187,-7.76832784685e-17,1.0,-1.70641885318e-16,-4.4408920985e-16,-0.0218359982291,1.94885340504e-17,2.35619449019],
[0.707106781187,-5.43390943067e-16,-0.707106781187,-0.707106781187,2.06785154726e-16,-0.707106781187,5.30454605834e-16,1.0,-2.38016235522e-16,1.11022302463e-16,-0.0219259982291,-2.02583175929e-16,-0.00122911770747,-0,1.0,2.22044604925e-16,0.0,0.0,1.0,0.0,0.003773798401,0.0,-0.076336,0.0,0.54800022387,0.707106781187,-5.43390943067e-16,-0.707106781187,-0.707106781187,2.06785154726e-16,-0.707106781187,5.30454605834e-16,1.0,-2.38016235522e-16,1.11022302463e-16,-0.0218359982291,-2.02556070875e-16,0.785398163397],
[0.707106781187,2.35677244375e-16,0.707106781187,-0.707106781187,-7.93259673999e-17,0.707106781187,2.22740907141e-16,-1.0,1.10557048196e-16,0.0,0.0219259982291,2.51263853474e-16,-0.00122911770746,0.0,-1.0,-2.22044604925e-16,0.0,0.0,1.0,0.0,0.0036760553575,0.0,0.076336,0.0,0.54800022387,0.707106781187,2.35677244375e-16,0.707106781187,-0.707106781187,-7.93259673999e-17,0.707106781187,2.22740907141e-16,-1.0,1.10557048196e-16,0.0,0.0218359982291,2.51236748419e-16,0.785398163397],
[-0.707106781187,9.06196157018e-17,0.707106781187,-0.707106781187,1.39410804522e-16,-0.707106781187,-1.62656070019e-16,-1.0,-3.45005804768e-17,-3.33066907388e-16,0.0219259982291,1.40241551011e-16,-0.00122911770746,0.0,-1.0,-2.22044604925e-16,0.0,0.0,1.0,0.0,0.0039712854772,0.0,0.076336,0.0,0.54800022387,-0.707106781187,9.06196157018e-17,0.707106781187,-0.707106781187,1.39410804522e-16,-0.707106781187,-1.62656070019e-16,-1.0,-3.45005804768e-17,-3.33066907388e-16,0.0218359982291,1.40214445957e-16,2.35619449019],
